A 0 0 0 0 0
0 0 1 0 0
0 1 0 1 0
1 0 0 0 1
1 1 1 1 1
1 0 0 0 1

B 0 0 0 0 1
1 1 1 1 0
1 0 0 0 1
1 1 1 1 0
1 0 0 0 1
1 1 1 1 0

C 0 0 0 1 0
0 1 1 1 0
1 0 0 0 0
1 0 0 0 0
1 0 0 0 1
0 1 1 1 0

D 0 0 0 1 1
1 1 1 1 0
1 0 0 0 1
1 0 0 0 1
1 0 0 0 1
1 1 1 1 0

E 0 0 1 0 0
1 1 1 1 1
1 0 0 0 0
1 1 1 0 0
1 0 0 0 0
1 1 1 1 1

F 0 0 1 0 1
1 1 1 1 1
1 0 0 0 0
1 1 1 1 0
1 0 0 0 0
1 0 0 0 0

G 0 0 1 1 0
0 1 1 1 1
1 0 0 0 0
1 0 1 1 1
1 0 0 0 1
0 1 1 1 0

H 0 0 1 1 1
1 0 0 0 1
1 0 0 0 1
1 1 1 1 1
1 0 0 0 1
1 0 0 0 1

I 0 1 0 0 0
0 0 1 0 0
0 0 1 0 0
0 0 1 0 0
0 0 1 0 0
0 0 1 0 0

J 0 1 0 0 1
0 0 0 0 1
0 0 0 0 1
0 0 0 0 1
1 0 0 0 1
0 1 1 1 0

K 0 1 0 1 0
1 0 0 0 1
1 0 0 1 0
1 1 1 0 0
1 0 0 1 0
1 0 0 0 1

L 0 1 0 1 1
1 0 0 0 0
1 0 0 0 0
1 0 0 0 0
1 0 0 0 0
1 1 1 1 1

M 0 1 1 0 0
1 0 0 0 1
1 1 0 1 1
1 0 1 0 1
1 0 1 0 1
1 0 1 0 1

N 0 1 1 0 1
1 0 0 0 1
1 1 0 0 1
1 0 1 0 1
1 0 0 1 1
1 0 0 0 1

O 0 1 1 1 0
0 1 1 1 0
1 0 0 0 1
1 0 0 0 1
1 0 0 0 1
0 1 1 1 0

P 0 1 1 1 1
1 1 1 1 0
1 0 0 0 1
1 1 1 1 0
1 0 0 0 0
1 0 0 0 0

Q 1 0 0 0 0
0 1 1 1 0
1 0 0 0 1
1 0 1 0 1
1 0 0 1 0
0 1 1 0 1

R 1 0 0 0 1
1 1 1 1 0
1 0 0 0 1
1 1 1 1 0
1 0 0 1 0
1 0 0 0 1

S 1 0 0 1 0
0 1 1 1 1
1 0 0 0 0
0 1 1 1 0
0 0 0 0 1
1 1 1 1 0

T 1 0 0 1 1
1 1 1 1 1
0 0 1 0 0
0 0 1 0 0
0 0 1 0 0
0 0 1 0 0

U 1 0 1 0 0
1 0 0 0 1
1 0 0 0 1
1 0 0 0 1
1 0 0 0 1
1 1 1 1 1

V 1 0 1 0 1
1 0 0 0 1
1 0 0 0 1
1 0 0 0 1
0 1 0 1 0
0 0 1 0 0

W 1 0 1 1 0
1 0 1 0 1
1 0 1 0 1
1 0 1 0 1
1 0 1 0 1
0 1 0 1 0

X 1 0 1 1 1
1 0 0 0 1
0 1 0 1 0
0 0 1 0 0
0 1 0 1 0
1 0 0 0 1

Y 1 1 0 0 0
1 0 0 0 1
0 1 0 1 0
0 0 1 0 0
0 0 1 0 0
0 0 1 0 0

Z 1 1 0 0 1
1 1 1 1 1
0 0 0 1 0
0 0 1 0 0
0 1 0 0 0
1 1 1 1 1

A 0 0 0 0 0
1 1 1 1 1
1 0 0 0 1
0 1 1 1 1
1 0 0 0 1
1 0 0 0 1

C 0 0 0 1 0
1 1 1 1 1
1 0 0 0 0
1 0 0 0 0
1 0 0 0 0
1 1 1 1 1

